[
    0.00021038296387193271,
    0.0002921499857088415,
    0.0005919679285610643,
    0.0003151110472090622,
    0.004631734033774214,
    0.0019665485903779707,
    0.00041594439733239194,
    0.0011507298281783016,
    0.006044928763167781,
    78.9640169087688,
    67.1582796431195,
    88.25852700808647,
    85.0752510754918,
    90.29855373554267,
    89.79500602818555,
    91.54802648032585,
    92.09033540966225,
    89.7726103489501,
    90.98686962592893,
    91.0927855490706,
    75.94956643879414,
    41.48661314108861,
    0.0009236373300627461,
    0.0,
    0.0005290932851294949,
    0.030163675546646118,
    0.0006326540248600517,
    0.0,
    0.00039362439922257966,
    0.00026635825634002686,
    0.00039208680391311646,
    5.560783186042275e-5,
    0.00041916658744699486,
    0.0001361060119211266,
    0.000334899249243829,
    0.0010447715645405785,
] 0.0009972761577205435 0.00031541757546510213 28905140494 21938764840